image: mymap.pgm
resolution: 0.050000
origin: [-158.358582, -122.773506, 0.000000]
negate: 0
occupied_thresh: 0.65
free_thresh: 0.196

